RELATED LAWS COMPARATIVE TABLE - GEORGIA LAWS
This table shows the location of the Georgia Laws cited in the Related Laws.
EXPAND
Georgia Laws
Year
Page
Section Section this
Related Laws
1943 858 1—50
1949 1817 1 10
1953 2293 1 10
1955 2527 1 10
1958 2716 1 10
3 19
1960 2960 1 10
1961 2555 1 10
2 15
1964EX.SES 2201 1 8
1966 781
2335
1 101—120
10
1969 2193 1 10
1973 2373 1 10
2375 1 14
3310 81—100
1974 2195 1 10
1975 2852 1 10
1977 3340 1 10
3347 1 14
1978 4206 1 10
1980 4166 1 10
1981 4922 1 10
2 19
1982 4531 121—140
1983 4065 1 10
2 13
3 19
1984 4002 1 10
4321 141, 142
1986 3540 1 10
5538 1 14
2 19
1987 4290 1 14
2 19
4546 101—120
1988 4182 1—4 1—4
5, 6 10, 11
7 14
1990 4080 1 10
4371 51—80
4984 143
1991 3779 1 52
2, 3 54, 55
1992 4501 1 2
2, 3 10, 11
1993 5190 1 10
1996 4040 1 81
