CHARTER COMPARATIVE TABLE - GEORGIA LAWS
The Charter is derived from 1981 Ga. Laws (Act No. 704), page 4609. This table shows the location of amendments made to the Charter by the General Assembly.
EXPAND
Ga. Laws
Year Act No. Page Section  Section
this Charter
1982 1149 4540 1 1.11
1984 865 4319 1 2.13
931 4336 1 1.13
932 4338 1 4.11
1986 804 3673 1 1.11
1988 828 3600 2 4.17
828 3600 3 5.11
828 3600 4 4.11
828 3600 4 5.12
828 3601 1 4.11
828 3603 5 5.18
4852 2 6.28
1989 72 3918 1 4.13
72(H.B. 411) 1 7.15
321 5224 1 2.13
321 5225 2 4.11
5256 1 1.13
1992 808 5591 1 3.11
1226 6449 1 5.11
1994 924 4271 1 4.11
924 4271 1 4.12
924 4271 3 4.13
924 4271 4 4.14
924 4271 4 4.15
924 4271 4 4.16
924 4271 5 4.18
924 4271 5 4.19
924 4271 5 4.20
1997 72 3622 1 1.11
1998 4852 1 1.13
4853 4 2.11
2003 331 4607 1 4.12
331 4607 2 4.15
331 4607 3 4.16
331 4607 4 4.22
331 4607 5 4.23
2004 828 1 2.13
2006 806 1 1.11
