APPENDIX I. -
The City of East Point shall be divided into four wards, to wit: Wards A, B, C, and D, which are more particularly described as follows:
District A:
County Fulton, GA
VTD EP01A
VTD EP01B
Block 011202
5000 5001 5003 5006 5007 5008 5009 5010 5011 6002 6003 6004
6005 6009 6010 6011 6012 6015 6016 6017 6018 6020
Block 011203
1000 1001 1002 1003 1004 1005 1006 1007 1008 1009 1010 1011
1012 1013 1014 1015 1016 2013
Block 011301
1000 1001 1002 1003 1004 1005 1006 1007 1008 1009 1010 1013
1014 5000 5001 5002 5005 5006 5007 6000 6001 6002 6003 6004
6005 6006 6007 6008 6009 6010
VTD EP03A
Block 011310
4004 5000 5001 5002 5003 5010
VTD EP03B
Block 011310
5008 5009
District B
County Fulton, GA
VTD EP01B
Block 011202
3020 3021 3022 3023 3024 3025 3026 3027 3028 3029 3030 3031
3032 3033 3034 6000 6001 6006 6007 6008 6013 6014 6019
VTD EP02A
VTD EP02B
VTD EP02C
VTD EP02D
VTD EP02E
District C
County Fulton, GA
VTD EP03A
Block 011301
1011 1012 2000 2001 2002 2003 2004 2005 2006 2007 2008 3000
3001 3002 3003 3004 3005 3006 3007 3008 3009 3010 4000 4001
4002 4003 4004 4005 4006 4007 4008 4009 4010 4011 4012 5003
5004 5008 5009 6011 6012
Block 011310
1000 1001 1002 1003 1004 2000 2001 2002 4000 4001 4002 4003
4005
VTD EP03B
Block 011309
1000 1001 1002 1003 1004 1005
Block 011310
2003 2004 2005 2006 2007 2008 2009 2010 2011 2012 2013 3000
3001
VTD EP04A
Block 011307
1000 1001 1014
Block 011309
1006 2000 2001 2002 3000 3001 3002 3003 3005 3006 3007 3008
3011
Block 011310
3002 3003 3004 3005 3006 3007 3008 3009
District D
County Fulton, GA
VTD EP04A
Block 011306
1000 1001 1002 1008
Block 011307
1002 1003 1004 1005 1006 1007 1008 1009 1010 1011 1012 1013
2000 2001 2002 2003 2004 2005 2006 2007 2008 2009 2010 2011
2012 3000 3001 3002 3003 3004 3005 3006 3007 3008 3009
Block 011308
1000 1001 1002 1003 1004 1005 1006 1007 1008 1009 1011 1012
1016
Block 011309
3004 3009 3010
VTD EP04B
Block 010307
2003 2004 2005 2006 2007 2008 2009 2010 2014 2015 2017 2020
2023
Block 010530
1000 1001 1007 1008 1010 1011 1013 1014 1015 1016 1018 1020
1021
Block 011306
1003 1004 1005 1006 1007 1009 1010 1011 1012 1013 1014 1015
1018 1020 1021 1025 2003 3000 3001 3002 3005 3006 3007 3008
3009 3010
VTD SC18C
Block 010307
2021
VTD SC19A
Block 011306
1022
VTD SC19B
Block 011306
1019 3003 3004
(Ord. No. 039-07, § 11-19-07; Ord. No. 009-11 [018-11], § 2(Exh. A), 6-20-11; Ord. No. 194-023 , §§ 1, 2(Exh. A), 2-20-23)
