CHARTER COMPARATIVE TABLE - GEORGIA LAWS
This table shows the location of amendments to the Charter. The Charter is derived from 1950 Ga. Laws (Act No. 648), page 2417.
EXPAND
Ga. Laws
Year Act No. Page Section Section
this Charter
1983 353 4183 2, 34A 6.11.a
2005 276 3909 1, 1.10 1.10
1, 1.11 1.11
1, 1.12 1.12
1, 1.13 1.13
1, 2.10 2.10
1, 2.11 2.11
1, 2.12 2.12
1, 2.13 2.13
1, 2.14 2.14
1, 2.15 2.15
1, 2.16 2.16
1, 2.17 2.17
1, 2.18 2.18
1, 2.19 2.19
1, 2.20 2.20
1, 2.21 2.21
1, 2.22 2.22
1, 2.23 2.23
1, 2.24 2.24
1, 2.25 2.25
1, 2.26 2.26
1, 2.27 2.27
1, 2.28 2.28
1, 2.29 2.29
1, 2.30 2.30
1, 3.10 3.10
1, 3.11 3.11
1, 3.12 3.12
1, 3.13 3.13
1, 3.15 3.15
1, 4.10 4.10
1, 4.11 4.11
1, 4.12 4.12
1, 4.13 4.13
1, 4.14 4.14
1, 4.15 4.15
1, 5.10 5.10
1, 5.11 5.11
1, 5.12 5.12
1, 5.13 5.13
1, 5.14 5.14
1, 5.15 5.15
1, 5.16 5.16
1, 34A 6.10
1, 34A 6.11
2, 34A 6.11.a
3, 6.12 6.12
3, 6.13 6.13
3, 6.14 6.14
3, 6.15 6.15
3, 6.16 6.16
3, 6.17 6.17
3, 6.18 6.18
3, 6.19 6.19
3, 6.20 6.20
3, 6.21 6.21
3, 6.22 6.22
3, 6.23 6.23
3, 6.24 6.24
3, 6.25 6.25
3, 6.26 6.26
3, 6.27 6.27
3, 6.28 6.28
3, 6.29 6.29
3, 6.30 6.30
3, 6.31 6.31
3, 6.32 6.32
3, 6.33 6.33
3, 7.10 7.10
3, 7.11 7.11
3, 7.12 7.12
3, 7.13 7.13
3, 7.14 7.14
2013 118 3994 1, 2.11 2.11
2, 2.26 2.26
1, 5.11 5.11
  This table shows the location of the sections of the basic Charter and any amendments thereto.
EXPAND
Ord. of. Date Section Section
this Charter
1- 3-2022(Amd.)  1- 3-2022 2.11
