CHARTER COMPARATIVE TABLE - GEORGIA LAWS
This table shows the location of amendments to the Charter.
EXPAND
Ga. Laws
Year Act No. Page Section Section
this Charter
1902 187 525 — Char. (note)
1905 564 1023 1 2
3 43
1907 222 861 1 2
1909 248 1202 1 2
1913 81 1084 1 2
1920 476 1370 1 101
2 102
3 103
4 104
5 105
6 106
9 3
10 43
11 40
12 59
13 108
1927 24 1448 1 121
2 122
3 123
4 124
5 125
6 126
7 127
8 128
9 129
10 130
11 131
12 132
13 133
14 134
15 135
16 136
17 3
19 3.1
20 3.2
1935 149 1164 1 2
1961 175 2500 1 141
2 142
3 143
198 2543 1 151
2 152
3 153
4 154
5 155
6 156
1965 347 2953 1 2A
1966 288 2893 1 3
2 4
3 8
1970 965 2532 1 29
1972 1006 2553 1 10
1081 2792 1 2B
1973 725 3802 1 2C
726 3806 1 26
1974(vol. 2) 868 2302 1 8
1978 880 3418 2 2D
