CHARTER COMPARATIVE TABLE - GEORGIA LAWS[1]
EXPAND
Year Page Act No. Section Section this
Compilation
1943 1458 1 1
3 92
4 9
9.1
9.2
5 66
6 10
7 67
8 20
9 11
10 8
11—13 21—23
14, 15 64, 65
16 60
17 18
18 16
19 24
20 15
21 17
22 53
23 56
24 83
25, 26 94, 95
27—29 97—99
30 111
32 112
33 114
34 113
35 116
37 91
38, 39 26, 27
40 90
41 120
42 81
44 19
45 14
46 57
47 25
48 23.1
49 55
50 7
51 3
52 59
53 96
54 84
55 121
56 93
57 54
59 58
60—62 61—63
64 12
65—70 100—105
71 108
72, 73 106, 107
74 109
75, 76 4, 5
77 86
79 87
80 68
81 13
82 80
1499 1 80
1945 768 1 2.1
2 110
1951 3250 1 8
2 64
3 16
4 24
5 60, 61
1952 2661 1, 2 60, 61
1956 3473 2 119
1957 2579 1 9
2 66
3 18
2588 1—11 69—79
1959 3023 1 81
2 111
1964 2223 1 53
2 3
2305 1 83
1965 2744 1 66
1966 3180 1 2
2 122—137
1968 2130 1 18
2 53
4 3
5 58
6 56
7 114
8 113
9 116
11 87
12 14
13 121
14 69
1971 761 3 84.1
1972 1448 1 2
3 20
4 64
5 16
6 53
7 56
8 83
9 112
10 91
12 82.1
13 100
1448 2 9
1973 724 1 2
1974 1220 1 60
2 53
3 97.1
4 115
5 120
7 25.1
8 87
1979 241 1 2
1980 1280 3 18
4 16
5 81
8 13
1984 1095 1 2
2 97.1
1985 18 1 9
2 66
3 10
4 21
6 84.1
1986 1125 1 2
2 67
3, 4 109
1987 471 1 2
2 10
3 20
4 16
1990 1035 1 2
2 2.1
3 9
4 53
5 3
1991 4100 138 1 3
2003 291 1 9
2       Rpld 66
  Footnotes:
--- (1) ---
Editor's note— The directory sections of the various Acts including severability, repealer, effective date, etc., and the Acts relating to the schools, have all been omitted. See the editor's note at the beginning of the Charter.
