RELATED LAWS COMPARATIVE TABLE—GEORGIA LAWS
This table shows the location of the Georgia Laws cited in the Related Laws.
EXPAND
Year Page Section  Section this
Related Laws
1922 372 1—7 1.1—1.7
8 1.9
9 1.13
1953 2575 1.3
1955 3217 1.3
1958 2574 1.2
1.4
1.6, 1.7
1960 2584 1.6
2587 1—4 4.1—4.4
6, 7 4.5, 4.6
1961 3136 1—4 2.11—2.14
1963 2169 1.3
1.5
1964 1055 1 3.1
2811 3 2.8
5, 6 2.9, 2.10
2813 3 4.7
5 4.8
7 4.9
2816 3 2.81
5, 6 2.82, 2.83
2819 3 4.31
5, 6 4.32, 4.33
1966 2638 1 4.51
3, 4 4.52, 4.53
3266 1.2
1968 1805 1 2.31
1969 427 1, 2 2.1, 2.2
3—6 2.4—2.7
1970 2962 1.2
3236 1.3
1971 647 2.1
2.4
2 2.3
2441 2.81
2443 4.31
2445 2.8
2448 1 4.7
2589 1—33 3.16—3.48
2970 8A 1.10
1972 967 2.6
3570 3.22
1975 2091 1.3
2584 Art. II, Div. 2
1—35 2.32—2.66
2601 8B 1.11
1976 3982 1.4
1981 3112 1.3
3551 2.52
1984 3652 1       Added Art. II, Div. 4, § 2.96
1985 4873 Art. III, Div. 1
1986 3901 8C 1.12
1987 5414 2.61
1989 4348 2.40
1990 3510 1.3
1.5—1.7
7A 1.8
1991 3742 1.3—1.5
1993 Act No. 68 1.5
1994  2-15-94(Act) 1—3 3.16—3.18
4 3.19(c)
5, 6 3.21(1), (2)
7       Added 3.22(13)
8 3.32
9, 10 3.38, 3.39
11       Added 3.44
      Rnbd 3.44—3.48
      as 3.45—3.49
12 3.47
