CHARTER COMPARATIVE TABLE GEORGIA LAWS
This table shows the location of the Georgia Laws cited in the Charter.
EXPAND
Ga. Laws
Year Page Section  Section
this Charter
1900 345 1—3 1—3
4 15
5 25
6 29
7—9 31—33
10 16
11 26
12 30
13 27
15 28
16, 17 34, 35
18 19
19 18
20 12
21 7
22, 23 20, 21
24 49
26 63
27 59
28 45
29 60
30, 31 64, 65
32 62
33 61
34—36 56—58
41 43
42 36
43, 44 41, 42
45 37
46 39
47 48
48 40
49 38
50 74
51 76
52 75
53 9
54 44
55 11
56 68
57 22
58 8
59 23
60 10
61 66
62 70
63 54
64, 65 4, 5
66 46
67 6
1901 549 2 4—6
8—10
22, 23
36—44
46
48
54
66
68
70
74—76
1902 510 1 4—6
8—12
16
20
22, 23
36—44
46
48
54
66
68
70
74—76
1909 1181 1 67
1914 1051 1 7
2 45
3 36
4 43
5 42
1916 819 1 12
20, 21
25
36
2 72
1922 912 2, 3 73
1924 666 1 14
17
24
47
2 7
3 3
4 40
1925 1199 2 69
1926 138 1 69
1937 1215 1 77
1988 1 55
1939 1 17
1161 1 12
1162 1 72
1952 2602 1 3
1956 2697 1 78
2865 1 3
3003 1 3
1957 3275 1 79
1958 3312 2 27
3 36
1959 2552 1 50
2 13
1965 2306 3 17
2319 1 27
1966 3427 1 50
3428 1 25
1970 2237 1 73
1971 3200 1 3
1972 3304 1 3
3321 1 3
1975 2740 1 3
1976 2820 1 7A
2 7B
3 7C
3278 1 25A
2 16A
1977 3201 1 7A
1978 3412 1 3
1979 3261 1 40
1980 3649 1 7A
1983 4330 1 19
1984 3852 1 25
25A
4250 1 36
2 40
1985 4031 1 3
2 7A
1986 3945 1 3
1991 1 19
2003 3661 1       Rpld 7A—7C
      Rpld 20, 21
      Added 21.1—21.13
      Added 23.1
2006 1 12
      Added 12.1
2 21.2
3 21.7
4       Rnbd 21.8(8), (9)
      as 21.8(9), (10)
      Added 21.8(8)
5 21.9
6 21.11
7 21.12
