CHARTER COMPARATIVE TABLE GEORGIA LAWS
This table shows the location of the sections of the basic Charter and any amendments thereto.
EXPAND
Ga. Laws
Year Act No. Page Section Section
this Charter
1982 5345 1 3.103
5347 1, 5 4.102
2, 3 4.104
4 4.105
1983 278 4704 1 2.101
1985 355 4571 1 2.101
2 5.103
5304 1 3.103
1987 442 5244 1 2.201
2 3.102
5.103
1988 1 3.103
1989 118 4065 1 2.102
1990 1023 4759 1 2.101
2.102
3.102
1995 4596 1 7.107
2003 318 4489 1 2.101
2 3.102
2008 1448 3885 1 1.103
2 1.104
6 2.101
7 2.106
8 2.108
9 2.201
10 2.204
11 2.205
12 2.206
13 2.207
14 3.102
15 3.103
16 3.104
17 3.203
18 3.205
19 3.301
20, 21 4.104
22 5.101
23 5.102
24 5.103
25 6.102
26 6.105
27 6.204
28 6.209
29, 30 6.215
31 7.105
32 7.106
