CHARTER COMPARATIVE TABLE GEORGIA LAWS
This table shows the location of the sections of the basic Charter and any amendments thereto.
EXPAND
Ga. Laws
Year Act No. Page Section Section
this Charter
1967 257 2643 1 1, 2
10
24
48
96
2 9
3 17
20, 21
71, 72
74
4 85
89
91, 92
5 88
93, 94
6 33, 34
6, 7 36, 37
7 38, 39
8 58, 59
9 66—68
10 51—56
11 60
12 40—42
45—47
13 16
18
25
27
43, 44
61
63
14 69, 70
16 11—15
17 95
18 76
86, 87
90
19 28
73
77—81
83, 84
20 22
49
21 23
26
22 64, 65
23 49
24 19
97
25 8
57
27 7
28 82
29 4—6
62
550 3256 6 101
257 3259 3 100
550 1, 2 98, 99
4, 5 104, 105
7, 8 102, 103
9—14 106—111
1971 672 3666 1 98
1974 1329 3751 1 39
3 59
4 66
1976 352 4514 6 33
353 4516 1 76
354 4517 9
1986 546 5758 1 58
67
2003 161 3940 1 33
