APPENDIX A. - CORPORATE LIMITS CITY OF SOUTH FULTON
[(a)]
The City of South Fulton shall include all the territory embraced within the following census blocks based upon the 2010 United States decennial census but shall not include any territory that was annexed into another municipality before July 1, 2016, and shall not include the territory included within the Fulton County Industrial District unless the local constitutional amendment creating such district is repealed or determined judicially to be of no force and effect prior to the first municipal election for the city:
FULTON COUNTY
VTD: 12109B—09B
008202: 4002
VTD: 12111E4—11E4
007706: 2028
VTD: 121CP08B—CP08B
010511: 2004
VTD: 121EP08A—EP08A
011305: 3015 3017
011306: 1031 2008 2018 2021
VTD: 121FA01A—FA01A
010400: 3064 3066 3078 3079 3087 3099
010514: 2051 2078 2086 2100 2101 2102
VTD: 121FA01B—FA01B
010510: 3126
VTD: 121SC01—SC01
VTD: 121SC02—SC02
VTD: 121SC04—SC04
VTD: 121SC05—SC05
VTD: 121SC07—SC07
010304: 2087 2103 2105 2106 2107 2108 2109 2112
010400: 3000 3003 3005 3006 3008 3009 3011 3012 3013 3014 3017 3019 3021 3028 3029 3042 3043 3053 3054 3065 3080
010513: 1021 1022 1043 1044 1045 1048 1049 1050 1051 1052 1055 1060 1061 1062 1078 1098 1119 2022 2024 2029 2030 2056 3045
010514: 1002 1003 1004 1005 1006 1012 1013 1014 1017 1019 1021 1022 1023 1024 1025 1026 1027 1028 1029 1030 1031 1032 1033 1034 1036 1037 1043 1044 1046 1051 1054 1055 1056 1057 1059 1061 1062 1063 1065 1066 1067 1073 1087 1088 1089 2000 2002 2003 2004 2005 2006 2007 2008 2009 2010 2011 2012 2013 2014 2015 2016 2017 2018 2019 2020 2021 2022 2023 2024 2025 2026 2028 2029 2030 2031 2032 2033 2034 2035 2038 2040 2043 2044 2045 2046 2054 2055 2057 2059 2060 2061 2068 2071 2072 2073 2074 2075 2076 2077 2080 2085 2087 2091 2094 2098 2108 2109 2110 2111 3055 3056 3079 3080
VTD: 121SC08—SC08
010507: 3066
010510: 2003 4000 4001 4009
010511: 1033 1034 1035 1036 1037 1038 1039 1040 1041 1043 1045 1046 1047 1048 1049 1061 1062 2005 2006 2008 2009 2010 2011 2012 2013 2014 2015 2017 2018 2019 2020 2021 2024 2027 2028 2029 2030 2031 2032 2033 2034 2036 2037 2038 2039 2040 2041 2042 2043 2044 2045 2046 2047 2051 2052 2053 2054 2055 2056 2058 2062 2064 3000 3001 3002 3003 3004 3005 3008 3011 3012 3013 3014 3015
010512: 1002 1003 1004 1005 1006 1007 1008 1016 1017 1024 1025 2001 2002 2003 2004 2005 2006 2007 2008 2009 2010 2011 2012 2015 2019 2020 2035 2036
010513: 1007 1008 1063 1064 1069 1070 1071 1073 1074 1075 1077 1087 1088 1089 1094 1096 1097 1102 1105 1109 1110
VTD: 121SC09—SC09
VTD: 121SC10—SC10
010507: 1006 1008 2001 2002 2003 2004 2005 2006 2007 3037 3055 3056 3057 3059 3060 3067 3068
010511: 2066
VTD: 121SC11—SC11
VTD: 121SC13A—SC13A
VTD: 121SC13B—SC13B
010301: 1016 1017 1018 1026 1027 1028 1029 1030 1031 1032 1049 1050 1051 1052 1053 1056 1057 1058 1062 1063 1064 1065 1066 1067 1068 1083 1084 1085 1086 1087 1088 1089 1090 1091 1092 1093 1097 1098 1099 1100 1101 1102 1103 1104 1105 1106 1110 1115 1116 1119 1123 1137
VTD: 121SC14—SC14
VTD: 121SC16A—SC16A
VTD: 121SC16B—SC16B
VTD: 121SC17—SC17
010511: 1019 1020 1021 1022 1023 1027 1028 1029 1032 1050 1051 1052 1053 1054 1055 1056 1057 1058 1059 1063 1064 1065 1066
010513: 1001 1005 1016 1030 1031 1032 1037 1038 1039 1041 1042 1103 1104 1106 1107 1117
VTD: 121SC18—SC18
007706: 2007 2014 2017 2018 2019 2020 2021 2023 2029
010304: 1015 1016 1017 1018 1019 1020 1021 1023 1024 1025 1026 1027 1030 1031 1032 1033 1034 1035 1036 2000 2001 2004 2011 2012 2013 2014 2015 2016 2017 2018 2019 2020 2021 2022 2023 2024 2025 2026 2041 2042 2043 2044 2045 2072 2073 2075 2078 2081 2092 2093 2115
VTD: 121SC19—SC19
010507: 3002 3004 3005 3006 3007 3008 3009 3010 3011 3017 3020 3021 3022
010511: 1012 1013 1015 1016 1018 1024 1025 1026 1030 1031 1067
010604: 3011 3012 3013 3015 3016
011305: 3018 3019 3020 3021
011306: 1011 1012 1032 1033 1034 1036 1038 1039 1040 2019 2020 2025 2028 2029 2030 2031 2032 2033 2035 2036 2037 2038 2039
VTD: 121SC21—SC21
010510: 2019 2020 2021 3002 3010 3011 3012 3013 3015 3016 3017 3026 3027 3028 3029 3031 3034 3036 3037 3038 3039 3042 3043 3044 3045 3046 3047 3048 3049 3050 3051 3052 3053 3054 3055 3064 3066 3067 3068 3069 3070 3071 3072 3073 3074 3075 3076 3077 3078 3079 3080 3082 3083 3085 3086 3087 3088 3089 3091 3096 3102 3103 3104 3105 3106 3107 3108 3109 3110 3112 3114 3115 3116 3127 3174 3186 3187 3188 3189 3190 3192 3214 3215 3216 3217 3220 3221 3222
010513: 2036
010515: 1022 1023 1024 1025 1036 1037 1038 1039 1040 1041 1042 1046 1048
VTD: 121SC23—SC23
VTD: 121SC27—SC27
VTD: 121SC29—SC29
VTD: 121SC30—SC30
007703: 3000 3001 3002 3003 3016
007704: 3005 3006
007802: 1000 1001 1002 1003 1004 1006 1016 1018 1025 1027 1028 4012
007806: 2002 2020 2021 2022 2023 2024
007900: 3017 3018 3019 3038 3042 3051 3052 3058
VTD: 121UC02-UC02
010510: 3014
010513: 2037 2057
VTD: 121UC03A-UC03A
010510: 3008
[(b)]
For the purposes of this description, the term "VTD" shall mean and describe the same geographical boundaries as provided in the report of the Bureau of the Census for the United States decennial census of 2010 for the State of Georgia. The separate numeric designations in the description which are underneath a VTD heading shall mean and describe individual blocks within a VTD as provided in the report of the Bureau of the Census for the United States decennial census of 2010 for the State of Georgia.
